-19.480216 -25.456862 -25.313786 -25.342420
-19.522992 -22.011666 -21.844495 -22.336357
-23.067054 -23.489569 -20.528598 -22.752474
-18.117648 -19.164008 -19.473257 -17.919555
-21.217688 -21.920590 -20.857966 -18.897693
-21.114499 -20.550917 -19.728800 -21.131702
-21.250526 -20.123692 -17.673227 -20.986132
0.000000 0.000000 0.000000 0.000000
-22.694636 -23.479521 -22.446927 -19.514698
-21.444035 -21.282229 -21.479235 -21.576585
-18.703868 -18.623827 -18.717328 -18.488907
0.000000 0.000000 0.000000 0.000000
-18.856661 -18.459606 -17.473150 -18.306928
0.000000 0.000000 0.000000 0.000000
0.000000 0.000000 0.000000 0.000000
-13.936542 -11.190166 -11.623387 -13.774127
