-80
-54
-48
-60
-83
-78
-94
-48
-76
-64
-62
-48
-40
-80
-62
-60
-48
-80
-64
-88
-96
-60
-78
-83
-64
-80
-80
-76
-64
-76
-60
-56
-48
-48
-78
-64
-64
-54
-86
-80
-78
-60
-48
-32
-54
-88
-74
-78
-80
-74
-80
-60
-88
-60
-83
-56
-80
-78
-56
-64
-54
-54
-64
-54
-78
-88
-72
-80
-72
-56
-60
-48
-62
-72
-88
-78
-76
-92
-60
-88
-80
-48
-78
-76
-72
-62
-48
-48
-56
-80
-76
-52
-48
-48
-80
-80
-60
-48
-56
-48
-72
-80
-48
-48
-48
-88
-72
-72
-52
-76
-60
-78
-78
-54
-72
-83
-62
-92
-80
-54
-54
-54
-92
-94
-88
-80
-72
-76
-48
-48
-60
-92
-54
-88
-80
-64
-48
-60
-62
-96
-60
-60
-64
-56
-52
-48
-48
-74
-48
-86
-80
-78
-64
-86
-60
-80
-54
-78
-48
-92
-78
-80
-56
-52
-64
-62
-72
-60
-56
-56
-88
-48
-48
-56
-54
-56
-88
-64
-86
-74
-80
-60
-60
-60
-86
-76
-60
-64
-54
-60
-48
-60
-62
-52
-60
-74
-92
-48
-80
-78